2207774,1,5,12940
2590061,1,3,12642
804919,1,4,12579
372233,1,5,13110
558634,1,4,12766
1227322,1,4,12454
814701,1,5,13055
808731,1,4,13087
1537427,1,4,12506
2421815,1,2,12474
2179073,1,3,12659
1434636,1,3,12539
2647871,1,4,13147
470232,1,4,12516
4326,1,4,13085
584542,1,5,12815
1421006,1,3,12998
636262,1,1,13052
421374,1,5,12739
1871179,1,3,12760
2287003,1,5,12772
893742,1,4,12900
320540,1,2,12990
595778,1,3,12480
514495,1,4,12886
1989766,1,4,12972
991423,1,4,12715
1564395,1,4,12973
1763921,1,5,12548
369646,1,5,12903
259799,1,4,12957
2631796,1,4,13053
1743210,1,5,13048
1137010,1,4,12696
134001,1,4,12909
1805202,1,4,13059
1435717,1,5,13006
87113,1,2,13047
1343170,1,5,12840
638824,1,5,12557
2605190,1,5,13092
921487,1,2,12618
1605780,1,4,12678
1824044,1,4,12537
2054180,1,3,12608
1751103,1,4,12635
444411,1,3,12666
358776,1,4,13108
1366860,1,4,12443
1059319,1,3,13066
308753,1,5,13087
1201176,1,4,12905
1255780,1,5,12870
2093105,1,3,12586
2497991,1,4,12971
874943,1,5,12864
121456,1,4,12892
1550216,1,1,12821
1313126,1,5,12900
1403184,1,3,13099
573975,2,3,12985
2244378,2,4,12823
810636,2,4,12898
2648861,2,3,12928
1358911,2,5,13130
1507649,2,5,12831
1479907,2,5,12842
2422676,2,3,12880
402321,2,4,12891
1623166,2,3,12824
2072554,2,5,12908
193476,2,5,12865
1783594,2,5,12849
183903,2,5,12813
1252841,2,3,12820
247898,2,5,12979
1398626,2,3,13113
268917,2,2,12937
1807053,2,5,12898
1172326,2,5,12952
253876,3,4,13088
79160,3,4,12975
166100,3,4,12769
6689,3,4,12103
109089,3,5,12199
78931,3,5,12242
52540,3,1,12133
1479793,3,3,12435
104768,3,5,12381
2590630,3,3,12335
2186436,3,2,12529
1142291,3,4,13017
2378011,3,5,12444
309567,3,2,12179
2065639,3,4,12510
2068821,3,3,12933
1115632,3,3,12380
2103655,3,3,12265
1278394,3,4,12210
1023101,3,3,12268
1101467,3,4,12262
22853,3,4,12458
475797,3,4,12549
1876156,3,3,12795
769670,3,4,12802
109124,3,4,12854
113694,3,4,12946
951568,3,3,12627
1029943,3,3,13087
1068821,3,4,13085
2141351,3,4,13025
1873737,3,5,12470
478484,3,4,12611
148844,3,4,12997
47512,3,4,12965
1806991,3,5,12404
965528,3,4,12426
2419782,3,3,12493
2331444,3,3,12118
1122977,3,3,12463
630174,3,4,12724
1068377,3,5,12491
2523426,3,5,12565
593167,3,3,12215
1412189,3,5,12820
1931520,3,4,12445
2261427,3,3,12172
2607695,3,4,12200
2564320,3,3,12185
767052,3,3,12446
1742530,3,4,13053
1437916,3,4,13129
1816177,3,5,12847
2427438,3,4,12382
1787324,3,5,12462
1392235,3,4,12470
2494445,3,3,12914
1888597,3,4,12978
313158,3,5,12195
330329,3,5,12698
2476384,3,3,12806
595870,3,1,12812
592281,3,3,12176
1174779,3,4,12359
1566551,3,4,12200
1800842,3,5,12529
1507034,3,3,12858
1830000,3,5,12985
303270,3,2,12226
336842,3,4,12932
1948594,3,4,13084
931055,3,3,12881
1096430,3,2,12530
2446163,3,3,13080
937412,3,5,12233
1524620,3,3,12457
2045112,3,1,12510
2490563,3,3,12699
25049,3,4,12555
273641,3,3,12338
2573391,3,3,12159
1822608,3,3,12205
2011181,3,4,12489
2460844,3,3,12456
1196471,3,5,12317
368786,3,3,12827
2393981,3,4,12504
66852,3,3,12435
349821,3,4,13047
1739440,3,4,12157
1708442,3,4,12528
1663717,3,3,12114
168939,3,5,12340
5225,3,4,12971
2394410,3,3,12364
333257,3,4,12972
1746477,3,4,12669
1269998,3,3,12118
384821,3,4,12478
406219,3,3,12562
1167852,3,5,12697
1822349,3,2,12787
966771,3,4,12843
341587,3,4,12570
296193,3,4,13104
789014,3,1,12094
545026,3,4,13072
2194081,3,4,12553
1687564,3,4,12171
1662118,3,2,12893
538741,3,4,12356
560851,3,4,12633
2645530,3,3,12692
203011,3,5,12097
1240995,3,4,12285
401681,3,3,12443
788321,3,3,12618
74441,3,4,12459
2483219,3,3,12835
946691,3,4,12905
2438229,3,4,12206
1869907,3,5,12711
1040848,3,4,12272
2386085,3,3,13022
1189371,3,3,12626
501174,3,4,13019
1886074,3,3,12247
1940461,3,3,12297
1191821,3,3,12176
1218159,3,4,12682
1075444,3,3,12459
667422,3,4,13047
1390438,3,5,13059
16229,3,4,13096
2096537,3,4,12489
1546923,3,4,12150
1830265,3,3,12571
2143622,3,3,12779
1964540,3,5,12566
115267,3,4,12347
541826,3,5,12240
835881,3,4,12337
2318282,3,3,12815
1560852,3,1,12205
2192258,3,4,13038
1939561,3,5,12585
2186537,3,2,12842
1687201,3,4,12641
540807,3,5,12488
1331628,3,4,12129
2214337,3,4,12863
1984465,3,4,13087
2032162,3,2,12206
1668623,3,5,12264
1470425,3,4,12510
931256,3,4,12752
168829,3,5,12367
1507727,3,2,12137
2468303,3,4,12268
1736609,3,2,12759
1985710,3,3,12850
1334851,3,4,13017
2396324,3,3,12675
2023200,3,3,12743
254465,3,4,12768
1707198,3,4,12772
188514,3,5,12414
2423287,3,3,12419
2495357,3,3,12642
964676,3,3,12448
201338,3,3,12591
100006,3,3,12900
407204,3,2,13110
668703,3,5,12521
704856,3,4,12286
371061,3,4,12554
2374464,3,4,12446
410199,4,5,12707
848193,4,4,12492
1893150,4,5,12512
1465754,4,3,12795
2359084,4,3,12875
721992,4,4,12647
929092,4,3,12629
1807693,4,2,12834
2404644,4,3,12536
305416,4,4,12911
2616793,4,2,12724
165720,4,2,12587
2267322,4,1,12406
1278390,4,4,12760
2487182,4,2,12813
433955,4,2,12584
1057551,4,2,12751
1629989,4,2,12636
1097846,4,1,12869
1409354,5,3,12900
589967,5,4,12944
1454357,5,4,13005
1310327,5,4,12820
1422810,5,4,12779
119496,5,5,12816
2064033,5,1,13076
1148739,5,5,12746
482328,5,5,12802
467152,5,5,12967
952944,5,3,13136
1085863,5,3,12832
2647871,5,5,12912
2523436,5,5,13121
57332,5,5,12882
2446265,5,4,13011
892663,5,5,12789
2648650,5,3,12898
852374,5,5,12779
2091844,5,4,13123
1135243,5,3,12879
94714,5,3,12823
1302057,5,5,12929
1578746,5,5,12771
1982026,5,5,12805
1718751,5,4,13086
2080842,5,2,13010
611870,5,4,12745
1599245,5,5,12780
473435,5,5,12825
2255167,5,5,12885
2062763,5,4,12890
429061,5,4,12755
762066,5,5,13025
163602,5,3,12817
824811,5,5,12888
1452127,5,5,12967
1772324,5,3,13096
2591418,5,5,12824
1128620,5,5,13059
2403154,5,4,13022
1648423,5,5,12813
1716193,5,5,12793
371814,5,5,12888
2254940,5,4,12840
760605,5,3,12856
514495,5,3,12886
1458517,5,1,13118
2411773,5,3,13034
1640334,5,4,13127
117779,5,5,12758
1160178,5,5,13038
1206822,5,5,12840
2097763,5,4,12988
900726,5,4,12857
634883,5,5,12820
1116538,5,5,12766
1190391,5,3,12966
1001775,5,4,12840
2145693,5,5,13063
963361,5,4,12910
3321,5,4,13035
896146,5,5,12943
1532001,5,1,13030
2560342,5,3,12868
1112588,5,5,12771
2627828,5,4,12981
1390458,5,5,12853
261262,5,2,12795
2452799,5,4,12983
2434422,5,3,13015
759737,5,3,13044
1823592,5,5,12824
1605584,5,4,13051
1597057,5,5,12782
208850,5,5,12775
383108,5,1,12963
1070779,5,5,13023
99310,5,3,12796
997543,5,4,12779
2033036,5,4,13062
473490,5,4,12858
2628777,5,4,13033
590466,5,5,13062
209999,5,5,13114
868608,5,4,13014
2365445,5,5,12815
2576340,5,3,12944
1073396,5,4,12853
1518510,5,5,12948
931475,5,1,12806
364983,5,5,13043
1934002,5,1,13140
412910,5,5,12929
2118727,5,4,13145
1618738,5,4,12905
2581182,5,5,12802
88528,5,4,12933
2474137,5,5,13114
997632,5,4,12875
2031314,5,2,12941
657699,5,3,12902
2305495,5,5,12908
544571,5,5,12806
1125538,5,5,12847
1738052,5,5,12849
1098977,5,5,13021
2171359,5,4,12897
1922954,5,5,12922
1693092,5,1,12944
1980702,5,4,13110
1152376,5,5,12850
2442597,5,4,12992
1515355,5,5,12847
648643,5,5,12758
358167,5,3,13098
2487092,5,4,12788
1606864,5,3,13028
2612306,5,5,12810
2343550,5,4,12776
933124,5,4,13004
1188337,5,4,13055
2100070,5,1,13114
1723799,6,3,12516
1794933,6,2,12646
525356,6,1,12422
1504575,6,2,12986
2525861,6,3,12857
2246845,6,1,12626
1260775,6,3,12547
52076,6,4,12696
914338,6,1,12877
2435667,6,5,12586
1807040,6,1,12365
2646115,6,3,12332
727242,6,1,12811
1662714,6,1,12526
1567202,6,1,12906
1231308,6,5,12957
1132940,6,3,12496
1314869,6,2,13045
762249,6,4,12430
1833412,6,3,12590
1804816,6,1,12786
457692,6,4,12597
1684305,6,4,13012
608271,6,2,12632
1503174,6,2,13083
1914507,6,4,12920
2094098,6,1,13033
1130061,6,3,12899
2173247,6,4,12717
1903324,6,1,12551
2640999,6,1,13080
1788855,6,3,12567
180318,6,3,13115
1498712,6,2,12563
1064641,6,1,13138
1254977,6,3,12514
2116941,6,4,13099
719467,6,1,12651
953658,6,3,12726
1428028,6,1,12738
2552319,6,2,12876
1106863,6,3,12534
910244,6,4,13020
872126,6,3,12559
1186572,6,1,12405
1649046,6,5,12536
75010,6,3,13025
1858316,6,2,12991
2331622,6,4,12436
622482,6,1,12449
1063873,6,4,13047
2630849,6,3,12766
2452707,6,3,13115
159266,6,2,12456
1364146,6,5,12393
830348,6,2,12433
1193910,6,2,12957
268872,6,3,12682
1778317,6,4,13057
344902,6,3,13098
2368266,6,4,12925
719598,6,5,12675
1721758,6,4,12860
1116290,6,3,12414
1059372,6,3,12986
410174,6,2,12914
2209655,6,3,12455
2360906,6,3,12348
418561,6,2,12769
1041983,6,1,12897
336431,6,1,12460
1845249,6,4,12327
440905,6,4,12600
1564200,6,4,12816
2557152,6,3,12822
1389855,6,2,13117
763240,6,3,12424
1929215,6,1,12408
551208,6,4,12347
863081,6,3,13114
1982334,6,1,12636
1261789,6,3,12595
411618,6,5,12723
200321,6,3,12667
1469098,6,1,12926
168523,6,3,12949
2448261,6,2,12573
935459,6,2,12629
379184,6,5,12825
823372,6,4,12416
309038,6,5,12900
1663888,6,3,12689
29948,6,3,12677
976454,6,3,12729
2415989,6,4,12845
1137602,6,5,12899
2331222,6,2,12951
306468,6,2,12848
1261787,6,1,12729
1360936,6,3,12617
1494367,6,3,12839
682051,6,3,13052
2496985,7,3,13042
687348,7,2,12506
1901461,7,1,12000
519295,7,2,12035
2610950,7,3,12239
1710658,7,3,13123
2147585,7,3,11604
1467316,7,1,12920
1346326,7,3,12061
1782958,7,1,12119
1602955,7,2,11299
1061195,7,3,12400
2599087,8,3,12995
2289614,8,3,12862
1492345,8,5,12891
512852,8,3,12898
1858847,8,3,12913
2028934,8,5,12930
44317,8,4,12955
1447354,8,1,12960
1037506,8,2,12982
2002619,8,1,12984
235838,8,4,13000
1174811,8,5,12737
807586,8,5,12870
1918101,8,4,12879
567025,8,4,12891
1048550,8,2,12925
1540303,8,4,12908
2568270,8,4,12910
1087678,8,4,12919
116582,8,1,12940
1837521,8,3,12975
887469,8,5,12884
2161899,8,3,12925
591273,8,5,12950
1991127,8,3,13147
1951144,8,2,13002
625428,8,4,12865
304116,8,4,12887
2162424,8,4,12891
1363841,8,4,12917
1631724,8,2,13058
1854947,8,2,13069
1903518,8,2,13097
2152580,8,5,13105
217850,8,2,13021
2200375,8,4,12886
1512971,8,4,12905
332712,8,5,13037
2299825,8,4,13038
2169157,8,5,12985
988706,8,5,12869
484324,8,2,12879
2166599,8,2,12875
1126703,8,5,13031
1874659,8,3,12983
1123608,8,3,12886
1120485,8,4,12906
2283737,8,4,12927
898879,8,3,12937
2023397,8,1,12939
1411143,8,4,13052
1874475,8,1,13061
2607358,8,1,13082
1557258,8,4,13086
1180552,8,4,13025
2397231,8,4,12855
69779,8,1,12891
2301940,8,5,12916
1937480,8,3,12977
1617529,8,4,12862
1819877,8,3,12871
168696,8,5,12899
236949,8,2,12900
1292617,8,2,12902
1240513,8,3,12903
612895,8,3,12920
353493,8,3,12930
1773423,8,3,12953
2274653,8,2,13037
1743758,8,3,13100
1979921,8,1,12980
261990,8,1,12991
607321,8,1,12993
310799,8,4,12864
2555325,8,4,12885
2202206,8,4,12917
2417494,8,1,12927
544737,8,2,12939
2185698,8,5,13050
291433,8,5,12972
2577513,8,2,12998
152783,8,5,12867
1429123,8,1,12876
987066,8,5,12878
395847,8,4,12888
2627300,8,2,12901
2082776,8,1,12907
1441576,8,1,12918
1398240,8,3,12956
386650,8,5,13047
564748,8,3,13049
2186844,8,4,13062
298362,8,4,12975
1135038,8,2,12976
605919,8,3,13021
332654,8,5,13030
534508,8,1,12883
490147,8,4,12888
1200678,8,4,12892
1194224,8,4,12926
1090354,8,5,12940
35647,8,1,13053
563887,8,2,13081
96124,8,3,12895
1585078,8,3,12898
2229297,8,3,12930
2049775,8,2,12935
2203834,8,4,12954
1620824,8,4,12979
1599030,8,3,12879
534562,8,4,12894
2575164,8,1,12913
2169875,8,4,12915
2548795,8,5,12945
438620,8,5,13089
2096587,8,4,12970
2213715,8,3,13011
1821281,8,3,12871
991702,8,4,12871
1666760,8,1,12905
1581163,8,3,12908
1376843,8,4,12947
401047,8,2,12949
989866,8,5,13010
363163,8,5,13029
802293,8,2,12860
1135631,8,5,12876
1289055,8,1,12905
1960330,8,1,13126
477455,8,4,12987
1642019,8,1,12902
1945476,8,2,12911
1578279,8,1,12934
1334821,8,5,13045
1930838,8,3,12970
1103557,8,5,12973
1638709,8,3,13024
892520,8,4,13026
992921,8,4,13034
1676207,8,4,12865
1258813,8,5,12912
338403,8,3,12929
2001875,8,4,12956
2620964,8,2,12928
1935222,8,5,12934
1298304,8,4,13007
2424359,8,5,13020
2296095,8,5,12860
460878,8,5,12874
1869307,8,3,12889
2094123,8,3,12935
64178,8,2,13047
642478,8,3,13112
486399,8,5,13011
968861,8,3,13026
1537644,8,4,12895
941794,8,1,12912
2647197,8,1,12931
1921272,8,3,13095
404378,8,3,13108
1264742,8,4,13014
2248285,8,3,12818
2592274,8,3,13060
1215385,8,1,12987
1624511,8,4,12998
732363,8,3,12861
2083362,8,2,12880
676747,8,2,12891
291654,8,5,12896
1421406,8,4,12940
595279,8,4,12954
2099037,8,3,13116
2542710,8,4,12971
2252336,8,3,12993
1545957,8,5,12879
2073898,8,5,12886
790820,8,3,12922
395747,8,3,12929
1243812,8,5,12930
2594868,8,5,12938
831643,8,5,13044
1330190,8,4,13138
66902,8,5,12877
2148420,8,4,12879
494609,8,1,12907
2551657,8,2,12911
2275891,8,4,12943
2430009,8,3,12963
999463,8,3,12963
2587160,8,3,12967
132095,8,2,13083
1736062,8,2,12985
2060560,8,5,12860
2512981,8,4,12910
1862165,8,3,12877
1555972,8,2,12908
2338924,8,2,13032
294098,8,4,12863
184650,8,5,12870
1859215,8,2,12878
1965893,8,4,12896
783377,8,4,12897
1948971,8,4,12950
772946,8,5,13119
2009683,8,5,12990
109124,8,4,12867
1489021,8,4,12867
351070,8,4,12894
2230274,8,4,12904
113694,8,2,12946
518824,8,3,12952
1121319,8,5,13077
2121865,8,5,12973
471838,8,2,13025
1314869,8,2,12857
951900,8,3,12860
769643,8,5,12869
1418218,8,4,13041
2021731,8,5,13097
993416,8,2,12991
1154332,8,4,13026
376505,8,1,12866
1172239,8,3,12870
2456479,8,1,12871
1359759,8,2,12871
998169,8,5,12886
2272061,8,1,12908
310855,8,3,12928
628085,8,3,13056
2333714,8,4,13091
1051744,8,2,12969
1292808,8,2,12991
1928399,8,5,13007
2178924,8,5,12865
903474,8,3,12870
2051300,8,3,12893
1781120,8,1,12945
1287924,8,5,12962
1996360,8,4,13068
603453,8,1,13072
617080,8,1,13076
586106,8,4,13117
2086623,8,3,13122
1687339,8,3,12975
1395791,8,5,13007
1800072,8,3,12859
2089742,8,4,12877
269088,8,3,12879
424413,8,3,12881
2073902,8,3,12886
1763197,8,1,12889
131938,8,4,12892
2555019,8,1,12911
657385,8,2,12946
1884090,8,3,13075
1041575,8,4,12977
375090,8,4,12990
597735,8,4,12865
59303,8,4,12882
1850670,8,4,12884
2000388,8,1,12893
773594,8,2,12899
402225,8,5,12915
873465,8,5,12925
1908228,8,3,12927
1773139,8,4,12934
915726,8,5,12935
2467430,8,3,13079
2402688,8,4,12972
172856,8,4,13020
2519696,8,2,12892
2590518,8,4,12914
736671,8,4,12923
1107742,8,3,12940
2446424,8,5,13017
1025764,8,2,12933
2451827,8,2,12884
1819083,8,3,12885
893874,8,2,12892
586645,8,5,12894
1090957,8,4,12920
2029939,8,3,12922
1895688,8,5,12940
2038947,8,3,12944
558946,8,2,13003
2532783,8,4,13032
476743,8,1,12869
1691722,8,2,12922
909091,8,1,12926
965699,8,2,12956
570717,8,5,13071
2580180,8,3,12975
447644,8,4,12999
888380,8,1,13028
68959,8,5,12700
1922017,8,5,12860
2426587,8,2,12864
284829,8,5,12892
1060432,8,1,12899
433513,8,2,12907
1653681,8,4,13131
1717911,8,1,12998
2341690,8,2,12875
1404386,8,2,12878
2578387,8,5,12883
1755950,8,2,12901
2034921,8,4,12923
530018,8,3,12925
268533,8,5,12943
936049,8,4,12947
2160083,8,2,13037
2119257,8,2,13059
556756,8,5,13092
342803,8,3,13124
1386988,8,1,13126
574754,8,4,13131
1905835,8,5,13134
1455150,8,5,12992
1561649,8,2,13006
2630773,8,3,13006
1426711,8,4,12863
1276295,8,3,12887
2347628,8,2,12906
2044511,8,5,12911
2032670,8,5,12919
1194196,8,3,12934
62025,8,3,12964
1052667,8,2,13010
1021485,8,3,13012
1401801,8,1,12877
1135584,8,5,12891
285166,8,4,12898
397392,8,5,12950
617007,8,5,12977
2586052,8,5,13033
2248168,8,2,12863
1907278,8,4,12868
1258209,8,2,12871
2009440,8,4,12889
558830,8,4,12934
2246049,8,4,12943
970561,8,2,12947
1736972,8,2,12959
1957696,8,1,13043
1455492,8,5,13074
567870,8,4,13131
2337730,8,3,13139
2283820,8,2,12864
2295304,8,2,12881
2348444,8,5,12930
2397677,8,2,12931
2057618,8,5,12936
765678,8,5,13027
2618688,8,4,13035
588039,8,4,13055
631945,8,5,12866
123384,8,4,12874
1212247,8,2,12906
1405367,8,3,13009
2064796,8,4,12878
785190,8,2,12882
2043472,8,5,12888
2113207,8,5,12899
1206293,8,3,12946
1237173,8,5,12967
750136,8,2,13108
2187058,8,4,13030
929208,8,4,12898
592445,8,5,12901
2045712,8,4,12932
760061,8,1,13045
967584,8,4,13089
2120990,8,4,12900
576528,8,5,12902
2298300,8,1,12915
1412565,8,3,12933
1809079,8,3,12963
2150617,8,4,13039
2395854,8,4,13054
2537449,8,3,13112
868232,8,3,12969
2400029,8,3,13011
1898310,8,2,13025
1210019,8,1,13033
1628442,8,3,12866
1326129,8,3,12879
1323761,8,4,12894
1421149,8,4,12902
330299,8,1,12919
645994,8,5,13049
714322,8,3,13069
905064,8,1,13071
1012060,8,3,13076
202969,8,1,12893
2146172,8,5,12921
2137956,8,2,12923
1672877,8,3,12949
1971273,8,4,12962
381536,8,4,13095
1146804,8,3,13138
1608960,8,4,12859
1466626,8,2,12919
1625264,8,4,12933
778383,8,3,12965
2634320,8,3,13066
214699,8,1,13096
2179700,8,3,12919
674695,8,3,12926
2500072,8,5,12940
1566773,8,4,12941
1022668,8,3,13056
355089,8,2,13059
1390025,8,4,13094
2087420,8,5,12979
2235567,8,5,12984
2122322,8,5,12884
291503,8,3,12890
1878071,8,3,12905
1257292,8,3,12918
1758574,8,5,12920
2358975,8,1,12934
2216088,8,3,13034
693770,8,4,13016
187005,8,2,12865
235979,8,2,12867
898283,8,1,12880
829060,8,3,12884
879728,8,4,12895
314335,8,1,12919
2584918,8,5,13038
2528920,8,2,12972
1405323,8,2,13010
1448908,8,1,12865
442012,8,5,12874
2319406,8,2,12888
67221,8,4,12901
724101,8,5,12940
2643987,8,5,12948
565639,8,3,13131
299476,8,3,12988
820252,8,5,12995
1424050,8,2,12885
2121132,8,4,12925
36212,8,4,13067
1688256,8,5,13125
904558,8,3,12995
2601606,8,3,12861
277837,8,1,12893
1307150,8,1,12900
1372143,8,1,12905
1253401,8,4,12934
2576911,8,4,12951
2100269,8,2,13054
1201509,8,2,13094
2637612,8,4,13112
1649533,8,4,12969
2227161,8,1,12972
1625190,8,4,12981
2347551,8,4,12866
105916,8,2,12874
673918,8,5,12901
816856,8,5,12903
496770,8,4,12919
42147,8,4,12948
1418115,8,1,12951
1120721,8,2,12962
2570044,8,4,12982
2068865,8,4,12865
1105029,8,2,12885
1467058,8,4,12899
369625,8,2,12905
479920,8,5,12926
1389091,8,3,12949
446706,8,1,13021
1213124,8,1,12863
189397,8,3,12863
553636,8,3,12911
1929283,8,5,12935
2322418,8,5,12976
2585108,8,1,12982
590461,8,1,12871
2526842,8,5,12875
1274813,8,2,12908
2142408,8,1,12913
2231367,8,3,12913
1371592,8,3,12921
639447,8,4,12942
2608884,8,3,12947
2228939,8,2,12948
604806,8,5,12961
2499836,8,5,13044
181497,8,5,13079
1027050,8,5,13032
355742,8,2,13117
123643,8,4,12915
607063,8,5,12940
205561,8,4,13018
359681,8,4,12850
1299769,8,3,12867
443521,8,5,12900
1214067,8,1,12901
1726568,8,5,12929
494633,8,2,12954
658636,8,5,13109
203542,8,1,13015
2616269,8,4,12912
601359,8,3,12915
1396205,8,1,12919
1431850,8,2,12919
504584,8,3,12953
2209525,8,1,12954
1704248,8,1,13140
2562260,8,5,12982
2376121,8,3,12863
174604,8,2,12878
1256297,8,5,12880
2105395,8,3,12891
1965507,8,1,12930
1793702,8,5,12964
2023451,8,1,13045
1546024,8,5,13049
1132430,8,5,13099
335030,8,4,12864
1884736,8,5,12876
2126959,8,2,12887
1386297,8,2,12905
363007,8,3,12916
1747244,8,5,12913
2207079,8,1,13076
1589432,8,3,12970
129151,8,3,12876
2093534,8,4,12933
1834839,8,4,12971
1768251,8,1,13001
1054182,8,3,13011
463055,8,4,12898
1284473,8,2,12899
1921010,8,3,13073
1214640,8,3,13104
893087,8,4,13117
2430790,8,3,12863
1265662,8,4,12879
2485979,8,5,12881
1701074,8,2,12921
1566804,8,3,12927
1825757,8,5,12940
1001701,8,3,13074
1243316,8,4,13082
4804,8,2,13086
1328494,8,4,13088
1273979,8,3,12980
766368,8,5,13014
598757,8,1,13025
775963,8,5,12855
2472970,8,5,12883
1215304,8,5,12887
677564,8,3,12911
2629966,8,2,12913
2101948,8,4,12928
727412,8,3,12962
1714672,8,1,13103
2007644,8,1,12979
1054416,8,2,12864
532689,8,4,12870
1919183,8,5,12887
1083123,8,2,12893
606152,8,5,12899
1859041,8,1,12905
1255070,8,3,12908
1397843,8,1,12913
1848790,8,3,13091
2593657,8,1,13133
2608587,8,4,13010
1104421,8,3,13025
1818472,8,3,13034
1569803,8,5,12859
1765127,8,5,12876
977825,8,3,12891
2255786,8,3,12912
1331844,8,3,12918
2158514,8,4,13045
2435856,8,4,13045
2280167,8,1,13095
1172105,8,1,12884
1374317,8,3,12888
224298,8,2,12905
667482,8,5,12912
1156653,8,5,12920
377937,8,5,12953
2408493,8,2,13033
505455,8,4,12864
1869736,8,2,12865
1353446,8,4,12900
657712,8,3,12923
1019056,8,2,12952
1701081,8,1,13058
1010271,8,4,13072
994565,8,1,12883
1982967,8,3,12908
1134907,8,3,12909
2104471,8,5,12925
307177,8,4,12936
50870,8,4,12939
2438640,8,3,12947
755640,8,3,13105
589004,8,5,13131
2612470,8,3,13019
2463963,8,3,12852
1958337,8,1,12901
1577811,8,3,12916
865076,8,2,12920
2462654,8,2,13102
586306,8,4,12979
2374782,8,4,13006
1745247,8,1,13012
1561165,8,5,12880
246569,8,3,12887
134288,8,5,12920
1402509,8,5,12926
233821,8,4,13031
997011,8,1,12866
1800701,8,5,12901
732085,8,3,12902
1801511,8,1,12912
1877584,8,5,12916
2164523,8,2,12921
2560256,8,2,12927
2617482,8,5,12929
2503032,8,4,12929
482256,8,3,13088
256316,8,1,13013
1046081,8,2,12870
1127519,8,1,12879
8493,8,2,12902
826948,8,5,12918
214730,8,3,12920
1799203,8,4,12933
1631153,8,3,12954
2598847,8,4,13055
1767881,8,5,13067
2271535,8,5,13083
1500833,8,4,13089
510288,8,5,13123
2066105,8,1,12976
689205,8,2,12990
1405228,8,2,12990
2056370,8,3,13006
2563416,8,4,12869
863082,8,5,12870
31969,8,4,12876
139994,8,5,12876
1610023,8,1,12888
2410917,8,1,12918
1057400,8,1,12949
1455869,8,1,13044
531541,8,1,13145
1959024,8,4,12975
1669040,8,3,13006
1800511,8,4,13014
938266,8,3,13020
2297136,8,4,12859
105416,8,5,12948
1586544,8,3,12966
775215,8,5,13015
1924978,8,3,12859
2538123,8,5,12878
1431134,8,1,13067
2447952,8,3,13126
1857081,8,2,12977
552511,8,5,13017
2102677,8,3,12878
2350011,8,3,12902
98716,8,3,12947
875148,8,5,12964
1206995,8,4,13080
183071,8,4,12876
1232740,8,2,12925
1286911,8,5,12940
2245901,8,1,12963
144007,8,4,13059
2563421,8,3,13094
589847,8,3,13009
1826529,8,3,12883
384332,8,3,12885
750815,8,4,12891
2626921,8,4,12901
764882,8,1,12908
2293749,8,4,12909
1809612,8,4,12916
1982785,8,4,12940
1541576,8,5,12948
779811,8,3,13044
352374,8,3,13074
792580,8,4,13095
2311958,8,5,12870
2004355,8,4,12935
2277865,8,4,13079
1310362,8,3,13105
86002,8,2,13120
1299157,8,3,13017
2536547,8,3,12892
246868,8,2,12922
2348522,8,5,12927
548003,8,3,12934
2079622,8,1,12954
2645431,8,1,13035
2552013,8,5,13048
1280678,8,4,13018
245841,8,2,12865
1772215,8,1,12871
2547231,8,4,12878
208831,8,2,12885
653240,8,5,12887
639853,8,3,13093
254375,8,5,13099
2120522,8,4,13028
2587746,8,5,12791
2587524,8,5,12867
51233,8,5,12878
1054463,8,2,12912
1697520,8,5,12926
348033,8,3,12942
610308,8,5,12940
172151,8,3,13002
1563143,8,4,13018
2370089,8,5,12863
1373517,8,3,12912
1776917,8,3,12955
750677,8,4,13096
2532654,8,1,12860
2541769,8,1,12874
1828732,8,1,12891
215573,8,3,12892
1984230,8,5,12901
2636989,8,2,12908
1890844,8,1,12935
846815,8,2,12942
30885,8,5,12978
2444893,8,1,12888
366421,8,2,12917
2088664,8,3,12929
2226615,8,5,12940
482440,8,5,13052
610709,8,4,13068
2152609,8,5,13074
352612,8,5,12978
807321,8,4,12879
1102629,8,4,12920
2337937,8,3,12923
1625485,8,1,12951
1571701,8,1,12966
482717,8,4,12971
1218125,8,1,13029
2302296,8,3,12862
1257748,8,2,12864
1149845,8,1,12878
1868944,8,2,12890
2647661,8,1,12899
171224,8,3,12905
1539122,8,4,12940
596544,8,2,13046
1170758,8,4,13090
639632,8,3,12861
565864,8,3,12864
2074573,8,5,12899
372275,8,2,12912
1760216,8,2,12954
2364842,8,3,12958
1589531,8,2,13123
53503,8,5,12974
1336941,8,4,12977
2073799,8,2,12984
1936740,8,4,13004
122987,8,3,13005
2078709,8,1,13018
509886,8,5,12865
1025331,8,5,12926
1873716,8,4,12936
1874547,8,5,12976
1533679,8,5,12992
1331674,8,3,13032
825819,8,4,12876
1084006,8,5,12903
1269695,8,4,12912
2220193,8,2,12937
90334,8,5,13135
1340291,8,2,12995
1972244,8,3,12886
889766,8,5,12886
93594,8,4,13040
2019608,8,1,12975
614585,8,2,13007
1423796,8,4,13020
956035,8,2,12887
621811,8,1,12899
2013305,8,3,12904
1562262,8,5,13089
1823482,8,3,12978
2212232,8,4,13004
2132873,8,4,13011
2506010,8,3,12677
637663,8,5,12871
680116,8,2,12922
411556,8,5,12932
1971798,8,2,12932
322938,8,2,13082
1315392,8,1,12974
229753,8,4,12996
631843,8,5,12889
1103791,8,2,12895
1316301,8,5,12901
945781,8,2,12902
119973,8,2,12927
188791,8,5,12943
2251640,8,3,13080
1182100,8,3,13119
214216,8,5,12979
835271,8,4,12993
970670,8,3,12906
1997225,8,5,12928
1653185,8,5,12948
2294055,8,4,12949
2451254,8,1,12964
2056419,8,3,13114
497366,8,2,12991
2367390,8,1,12993
2130203,8,4,13019
1609631,8,4,12862
1217336,8,2,12871
1780816,8,4,12875
1928451,8,3,12907
1664629,8,5,12928
578378,8,4,12936
108684,8,4,13074
1349640,8,2,12975
770834,8,2,12987
420040,8,3,12859
1084569,8,4,12865
2365141,8,3,12884
2606799,8,1,12890
2197464,8,3,12892
1559083,8,2,12904
463767,8,3,12908
639671,8,3,12916
364349,8,1,12962
2031435,8,2,13105
107786,8,5,13025
689080,8,5,12868
154682,8,1,12920
1410446,8,2,12961
1231504,8,4,12965
1925701,8,4,13060
1403170,8,1,13063
1535731,8,3,13025
2190651,8,4,12862
2053485,8,3,12864
2175263,8,5,12875
2022945,8,2,12886
330493,8,1,12962
748291,8,3,13085
1968827,8,4,13005
1542443,8,5,13012
700215,8,3,12880
34691,8,5,12899
757273,8,1,12919
2056866,8,1,12920
2176304,8,3,13008
1452773,8,5,12870
153992,8,4,13059
2247740,8,2,12910
1801343,8,4,12919
2490348,8,3,12951
1549016,8,5,12968
2275190,8,5,13075
1091902,8,1,13076
1608210,8,4,13083
796464,8,3,13095
1216131,8,5,12977
1190910,8,5,12864
1837461,8,1,12885
2599631,8,4,12890
1054661,8,4,12894
2475638,8,4,12907
414236,8,2,12921
190024,8,2,12934
304543,8,5,13047
1071141,8,1,12996
1994954,8,1,12997
750327,8,4,12939
1400264,8,5,12884
710380,8,5,12902
184191,8,2,13069
2271138,8,3,13118
1867869,8,2,12976
2505152,8,5,12867
2444999,8,4,12893
905782,8,1,12908
1778929,8,5,12915
390366,8,4,12918
34531,8,4,12919
1598127,8,5,12952
540217,8,4,12958
2568624,8,3,12959
1408476,8,3,12961
1533658,8,4,13039
2290211,8,3,13126
1064850,8,4,12971
132491,8,4,12934
1453224,8,5,12946
1437282,8,4,12960
2582556,8,2,13025
2123042,8,2,12856
65003,8,5,12882
1091467,8,5,12892
2577234,8,4,12903
308307,8,1,12917
2299525,8,4,12927
949179,8,5,13039
2211474,8,4,13096
1207266,8,4,13109
461124,8,4,12975
247898,8,5,13007
2556959,8,2,12751
764978,8,5,12882
1995313,8,3,12886
2502310,8,3,12892
517308,8,2,12903
2410762,8,4,12907
1977996,8,4,12913
62449,8,3,12978
910594,8,2,12885
231704,8,2,12907
2087266,8,2,12927
1300416,8,4,12959
1999625,8,3,12962
271105,8,5,13040
2583897,8,1,12877
1032623,8,3,12879
2310287,8,2,12885
56113,8,3,12891
2146684,8,4,12898
665762,8,4,12918
1355960,8,3,12942
340044,8,5,12979
2604203,8,5,12824
117687,8,3,12898
200957,8,4,12901
610071,8,3,12906
1820735,8,1,12907
1508293,8,1,12947
1752553,8,5,13083
2588979,8,3,13090
506033,8,2,13122
2610505,8,1,12977
1343948,8,4,13011
1904884,8,4,12867
410351,8,2,12969
1247765,8,1,12995
1138896,8,4,12863
2587498,8,4,12912
1881653,8,5,12926
1339499,8,1,12955
2063418,8,2,13042
860601,8,4,13117
28427,8,5,12969
2429561,8,5,12971
1392431,8,1,12992
1549074,8,5,12877
833551,8,4,12884
2081353,8,3,12890
1238025,8,4,12893
2043854,8,5,12918
1963707,8,3,12977
76880,8,3,12984
510684,8,4,13018
487471,8,2,12879
1032098,8,5,12893
949240,8,2,13034
1215460,8,3,13074
1806235,8,4,12899
654110,8,5,12907
462335,8,4,12914
663775,8,4,12957
169854,8,1,13070
1921429,8,5,12974
112039,8,3,12979
1466743,8,5,13006
1162173,8,4,12863
1799922,8,4,12894
1732015,8,2,13063
2427227,8,2,13126
1923349,8,3,12982
1438606,8,3,12991
256278,8,1,13017
657427,8,5,12730
2188405,8,2,12869
1545059,8,2,12956
2354608,8,4,13038
1008243,8,5,13022
20830,8,5,12871
916004,8,5,12882
35111,8,5,12906
16479,8,1,12911
1600254,8,2,12933
315569,8,5,12825
510535,8,3,12862
1624150,8,2,12866
1388578,8,3,12870
2230429,8,2,12879
2411998,8,4,12885
1080905,8,5,12899
1518179,8,3,12920
2191675,8,3,12920
2229846,8,4,12923
711905,8,3,12935
195247,8,4,12937
2061678,8,3,12939
607853,8,4,12948
1535493,8,1,12954
2615348,8,4,12962
424740,8,2,13040
2326358,8,4,12981
21722,8,4,13025
426804,8,2,12879
1979874,8,4,12880
139147,8,3,12910
2212698,8,1,12920
2566196,8,3,12945
202412,8,1,13038
2382852,8,4,13041
1844792,8,3,13071
336457,8,3,12980
2468467,8,4,12987
1047711,8,5,12686
1080188,8,5,12876
1161050,8,4,12896
65047,8,3,12919
1764595,8,1,12925
2094968,8,5,13059
890934,8,3,13096
514516,8,4,12891
2634761,8,3,12894
428558,8,2,12896
1919891,8,4,12905
1797145,8,2,12935
1388349,8,5,12939
907650,8,3,13087
1109731,8,3,13090
480408,8,4,13011
2324307,8,5,12860
2007052,8,3,12900
538267,8,3,12915
1196870,8,2,12938
1587665,8,3,12962
594405,8,5,13133
1542726,8,4,12909
127501,8,2,12911
1874233,8,2,12928
244795,8,4,12935
1018174,8,4,12941
221538,8,5,12952
2332894,8,5,13052
1571424,8,5,12975
2260008,8,3,12977
1763613,8,1,13003
2016855,8,4,12914
1259089,8,1,12928
2122242,8,4,13137
2320196,8,3,12874
1819954,8,3,12921
2511285,8,5,13059
2345797,8,4,12896
2447133,8,5,12898
1953316,8,1,12912
849269,8,5,13075
1934002,8,3,13140
880332,8,5,12876
1407894,8,5,12902
1783225,8,5,12923
2350141,8,3,12924
667526,8,2,12935
121850,8,2,12937
322895,8,2,13070
1816448,8,4,13072
482886,8,4,13090
1443352,8,5,13114
2382159,8,4,12915
2261462,8,5,12925
2219596,8,5,13051
1538418,8,5,13055
680917,8,4,12887
2615449,8,5,12906
2128957,8,5,12938
742589,8,4,13044
975853,8,1,12984
2401333,8,3,13024
579028,8,1,12867
2202461,8,3,12888
418370,8,4,12910
755689,8,3,12913
789403,8,3,12913
2530297,8,3,13050
1556715,8,3,12975
580652,8,2,12914
315043,8,5,12915
2084479,8,2,12940
1841117,8,1,12965
2088263,8,3,12965
2427073,8,1,13068
1280497,8,4,12971
2043478,8,4,12876
2139874,8,1,12877
1898932,8,3,12896
1247275,8,4,12898
936816,8,1,12907
2029766,8,2,12912
1130956,8,2,12939
71648,8,3,12981
2476049,8,5,12984
1285734,8,2,13005
2223396,8,3,13016
121182,8,2,12884
2641081,8,5,12939
787283,8,1,12941
992239,8,1,12961
2350196,8,2,12963
1043309,8,4,12968
2309943,8,3,13107
2173260,8,2,13129
2557166,8,3,12977
2014644,8,3,12998
85244,8,1,12886
2163591,8,3,12906
1822187,8,4,13055
368334,8,4,12995
1161019,8,3,12900
1082830,8,1,12901
1642992,8,2,12912
815018,8,3,12939
1545473,8,4,12961
1798343,8,3,13043
1513103,8,5,13076
2150039,8,4,13096
1218696,8,1,13116
2047318,8,5,12976
2562322,8,4,12994
1988182,8,3,12879
1140036,8,2,12895
1227704,8,3,12897
467234,8,3,13066
1436054,8,2,13102
2161971,8,2,12982
1616067,8,5,12983
197991,8,2,12992
1823034,8,4,12879
588639,8,2,12877
1730412,8,3,12885
1196674,8,4,12887
2423694,8,4,12892
2236420,8,4,12900
133290,8,3,12914
745261,8,3,12948
2460864,8,4,12960
2371038,8,4,13075
1950659,8,2,13109
2129231,8,5,13004
809341,8,2,13016
1275696,8,5,12880
1835678,8,3,12955
109135,8,3,13046
663511,8,2,13077
1626720,8,4,12972
604517,8,3,13006
1266990,8,3,12856
1266039,8,3,12938
1630981,8,5,12954
1859722,8,1,12999
1278662,8,3,13003
1158164,8,2,12879
1514717,8,3,12885
1274734,8,5,12886
1328204,8,5,12898
2401187,8,5,12899
2451267,8,5,12915
423161,8,3,13112
1607886,8,3,12974
918318,8,3,12990
718357,8,5,12863
257823,8,1,12864
480870,8,1,12864
2137364,8,3,12886
21262,8,4,12929
1908830,8,4,12948
2006759,8,1,12963
2088182,8,1,13073
11589,8,4,12976
812413,8,5,12978
1508362,8,1,12877
2304690,8,5,12883
2264677,8,1,12919
458795,8,4,12931
1455181,8,4,12969
1537001,8,3,13038
1120982,8,5,13087
2118461,8,3,13136
265699,8,4,12975
456966,8,1,12984
724314,8,3,13022
394409,8,3,13033
2567821,8,3,12874
2617918,8,5,12895
913558,8,1,12899
927207,8,2,12906
1316874,8,3,12940
1712605,8,3,13072
2564046,8,3,12995
2111370,8,3,12876
2632990,8,2,12935
2402069,8,5,12954
286334,8,5,12964
1517899,8,2,13069
2113300,8,5,13110
230967,8,4,12986
1383836,8,4,12863
1495211,8,3,12898
140302,8,1,12889
2086999,8,2,12911
2092172,8,4,12922
327436,8,2,12939
2536945,8,1,12962
966016,8,2,13014
423167,8,4,12990
2390052,8,3,13001
2446724,8,3,13017
757438,8,5,13068
2092108,8,4,12993
1241174,8,5,13034
268750,8,3,12879
2238251,8,5,12921
1437423,8,4,12928
1490632,8,4,13083
1341498,8,2,13126
2561176,8,2,13146
129494,8,4,12990
896635,8,4,12993
1740002,8,1,13015
609015,8,4,13029
651662,8,2,12885
933266,8,4,12889
2496188,8,4,12928
536421,8,1,12941
2628938,8,4,12951
1698887,8,3,12991
2073922,8,3,12896
1994654,8,3,12920
1320133,8,5,13048
1933170,8,2,12984
1888564,8,1,12870
1444903,8,3,12874
366565,8,3,12894
2173327,8,1,12909
714374,8,5,13130
1668425,8,3,13018
1075708,8,3,13024
1193533,8,2,12864
765625,8,5,12887
1825599,8,3,12891
1233256,8,2,12891
850213,8,4,12904
2490643,8,1,12905
689961,8,1,12906
1769465,8,5,12908
81343,8,4,12927
405572,8,1,12962
2492030,8,4,13053
2572516,8,3,12998
1007818,8,3,13017
1685622,8,3,13027
377971,8,3,12868
1083799,8,3,12884
2565053,8,2,12887
1443203,8,3,12917
661424,8,2,12926
1328095,8,4,12934
235077,8,1,12934
1337224,8,4,13121
2409772,8,1,12976
812512,8,5,12996
337802,8,5,13006
2581523,8,5,12884
2383798,8,4,12888
105572,8,4,12905
1712852,8,1,12912
2329423,8,4,12920
2370435,8,1,12935
1723226,8,5,12961
1346823,8,2,13006
2315613,8,4,12869
1282507,8,3,12874
1845125,8,5,12912
1488400,8,4,12942
77849,8,5,12957
1209105,8,4,13042
1131419,8,4,13051
133003,8,4,13134
1235156,8,3,12990
766020,8,4,13018
1094943,8,4,12880
560599,8,3,12898
591292,8,2,12924
1394695,8,5,13082
1842188,8,3,13086
1890112,8,2,12970
520429,8,3,12997
1782115,8,4,12870
1201176,8,3,12879
1207096,8,5,12880
2222874,8,3,12925
1768056,8,4,13058
2623472,8,2,13070
232211,8,4,13089
2407458,8,3,13092
2027826,8,5,12978
1067446,8,3,12979
1399249,8,3,13014
1533530,8,1,12865
29129,8,4,12878
404330,8,1,12860
1546845,8,5,12878
1752628,8,3,12906
2024851,8,4,12948
364103,8,3,13081
576155,8,3,13106
1009577,8,1,12975
543413,8,4,12982
1746966,8,4,12992
1495594,8,5,13019
2241709,8,5,12870
2385490,8,3,12880
1216923,8,2,12890
303792,8,2,12897
598683,8,2,12917
454015,8,5,12919
572301,8,3,12927
1528801,8,1,13067
831475,8,3,12972
1372607,8,2,12884
2272838,8,5,12900
1668293,8,3,12917
1288946,8,4,12990
88482,8,4,13025
2605179,8,4,12870
2300288,8,3,12915
239137,8,1,12928
1223313,8,3,12928
269850,8,1,12930
481230,8,4,12937
53364,8,3,12940
1708157,8,4,12941
2433978,8,2,12946
2525820,8,2,12948
2230283,8,3,12954
573097,8,1,13068
2616830,8,4,13080
1369483,8,3,13131
1728686,8,5,12979
541535,8,2,12997
1740741,8,2,12864
1064308,8,2,12866
1167767,8,4,12875
587827,8,4,12893
1229414,8,4,12898
1156519,8,3,12920
820954,8,1,12941
194537,8,3,13069
269382,8,5,13117
187288,8,3,12892
1353981,8,5,12897
2005761,8,3,13059
310712,8,3,13096
2052481,8,1,13024
3363,8,2,12863
2241291,8,2,12875
2146779,8,3,12889
1165097,8,2,12889
1850672,8,5,12890
932191,8,4,12948
678541,8,3,13102
1255976,8,3,12877
1822229,8,1,12901
2526741,8,2,12912
2406777,8,3,12923
330028,8,4,12928
543714,8,3,12931
234203,8,2,12933
779867,8,4,12944
102333,8,3,12969
1580388,8,1,12983
551748,8,5,12879
1148372,8,4,12895
2539837,8,1,12907
706066,8,3,12908
834215,8,3,12926
2506707,8,3,12933
1122983,8,2,12936
2554739,8,2,12948
1492391,8,5,13060
1940068,8,1,13145
1545733,8,3,13003
955278,8,2,12870
939486,8,3,12879
315579,8,5,12896
90554,8,1,12961
1498054,8,4,13044
130061,8,1,13056
609203,8,5,13074
263643,8,4,13091
1597697,8,3,13004
1340811,8,1,13026
235302,8,5,12731
1380053,8,5,12877
2558035,8,1,12885
23086,8,5,12889
1497331,8,1,12891
1353678,8,5,12920
1561544,8,3,12948
1980420,8,1,12949
953533,8,3,12957
1584139,8,2,12962
1520824,8,5,13053
2019773,8,4,13078
1267639,8,4,13003
1617280,8,1,13010
1118096,8,5,12877
2320697,8,2,12919
1796359,8,2,12931
231627,8,4,13081
903378,8,3,13006
2422572,8,4,12875
2316878,8,3,12884
2280287,8,5,12887
2527771,8,2,12903
2190356,8,3,12921
943026,8,4,13060
1464103,8,5,13072
2635902,8,3,12971
372454,8,3,12979
888801,8,2,13024
1037807,8,2,12884
1171904,8,2,12887
722287,8,5,12910
1126597,8,4,12913
1945497,8,5,13066
2419258,8,4,13013
91832,8,3,12879
157800,8,1,12876
1574599,8,1,12880
2413376,8,3,12891
2518099,8,1,12933
796950,8,2,12991
494461,8,4,12992
2344457,8,5,13001
1115399,8,2,13017
1407383,8,2,12929
151948,8,5,12951
1057066,8,4,13049
1993243,8,5,13060
539665,8,5,12863
2371188,8,5,12891
407496,8,5,12927
482062,8,3,12929
489741,8,4,12991
457661,8,3,12920
1732457,8,1,12961
256420,8,3,13013
2617594,8,5,12857
2006043,8,4,12879
1032142,8,3,12903
2051123,8,4,12904
1752624,8,3,12924
629537,8,1,12922
776270,8,5,12924
2153113,8,3,12943
166193,8,4,12957
444860,8,3,13105
2437650,9,5,12964
1793159,9,2,12920
305344,9,1,12650
387418,9,1,12653
2403785,9,3,12877
699878,10,2,12457
1874659,10,5,12374
1716229,10,3,12661
57515,10,3,12039
688590,10,3,13080
2277519,10,4,12471
1448808,10,4,12705
1193792,10,2,12255
1813431,10,4,13004
2174682,10,5,12591
1905883,10,3,12058
555770,10,4,12117
2167214,10,4,12894
311282,10,5,12992
1864793,10,4,12923
580724,10,3,12653
2117927,10,5,13047
2078967,10,4,13007
1403983,10,4,12397
122001,10,4,12361
491255,10,3,12614
1089478,10,5,12835
1415943,10,5,12847
1012466,10,3,12378
1831890,10,3,12743
817916,10,2,12918
538005,10,1,13019
1284016,10,3,12248
2080664,10,2,12943
